4294967278,131
4294967278,360
4294967278,130
4294967278,256
4294967278,129
4294967278,128
4294967278,383
4294967278,127
4294967278,126
4294967278,382
4294967278,125
4294967278,387
4294967278,124
4294967278,321
4294967278,123
4294967278,320
4294967278,122
4294967278,121
4294967278,119
4294967278,243
4294967278,117
4294967278,116
4294967278,235
4294967278,112
4294967278,111
4294967278,110
4294967278,109
4294967278,227
4294967278,108
4294967278,107
4294967278,106
4294967278,101
4294967278,99
4294967278,98
4294967278,97
4294967278,96
4294967278,95
4294967278,93
4294967278,91
4294967278,85
4294967278,83
4294967278,82
4294967278,81
4294967278,80
4294967278,79
4294967278,77
4294967278,75
4294967278,68
4294967278,348
4294967278,67
4294967278,305
4294967278,65
4294967278,64
4294967278,62
4294967278,60
4294967278,260
4294967279,79
4294967279,78
4294967279,77
4294967279,76
4294967279,297
4294967279,73
4294967279,447
4294967279,51
4294967279,44
4294967279,12
4294967279,4
4294967279,289
4294967294,473
4294967278,279
4294967279,434
4294967278,278
141,6
4294967279,285
4294967278,332
4294967279,452
4294967278,286
4294967278,331
4294967279,258
4294967278,361
4294967278,329
141,5
4294967279,391
141,4
141,3
141,2
141,1
4294967278,328
4294967279,255
4294967278,324
4294967278,323
140,6
4294967279,420
4294967279,251
4294967278,242
4294967278,246
140,5
140,4
4294967278,244
140,3
140,2
140,1
4294967279,244
4294967278,115
4294967278,239
4294967279,419
4294967278,359
4294967279,443
4294967279,234
4294967278,232
4294967279,232
4294967279,226
4294967279,230
4294967278,228
4294967279,228
4294967278,226
4294967279,224
4294967279,223
4294967294,976
4294967294,173
4294967278,221
4294967279,455
4294967278,219
4294967278,216
4294967278,217
138,7
4294967278,102
4294967278,392
4294967279,261
4294967279,215
4294967294,1425
4294967294,1424
4294967279,214
4294967278,100
4294967278,358
4294967294,392
4294967294,115
4294967279,212
4294967278,210
4294967278,407
4294967278,347
4294967278,0
4294967279,211
4294967278,209
4294967279,449
4294967279,205
4294967278,206
138,6
4294967279,207
138,5
4294967278,205
138,4
4294967279,206
138,3
138,2
138,1
4294967278,204
4294967278,357
4294967278,201
4294967278,200
4294967279,201
4294967278,199
4294967279,200
4294967279,199
4294967278,84
4294967278,354
4294967279,414
4294967279,197
4294967278,195
4294967279,194
4294967279,196
4294967278,194
4294967279,195
4294967278,193
4294967294,107
4294967279,193
4294967278,191
4294967278,190
4294967279,191
4294967278,189
4294967279,190
4294967278,72
4294967278,187
4294967279,474
4294967278,73
4294967278,309
4294967278,185
4294967278,308
135,7
4294967294,971
4294967294,29
4294967294,38
4294967294,37
4294967294,426
4294967278,350
4294967294,1423
4294967294,45
4294967294,44
4294967294,40
4294967294,41
4294967279,473
4294967278,70
4294967278,307
4294967294,394
4294967294,1038
4294967278,406
4294967279,183
4294967294,43
4294967279,68
4294967279,182
4294967279,307
4294967279,181
4294967278,179
4294967278,177
4294967279,178
135,6
135,5
4294967278,175
135,4
135,3
135,2
135,1
4294967278,173
4294967294,99
4294967279,60
4294967279,431
4294967294,53
4294967294,52
4294967278,59
4294967279,304
4294967294,51
4294967278,170
4294967278,301
4294967279,58
4294967279,406
4294967279,170
4294967294,1019
4294967294,92
4294967294,90
4294967294,88
4294967294,86
4294967294,85
4294967278,168
4294967278,300
4294967279,168
4294967294,1420
4294967294,83
4294967278,405
4294967278,164
4294967279,165
4294967279,164
4294967279,472
4294967294,12
4294967279,162
4294967278,160
4294967279,161
4294967278,159
4294967278,297
4294967279,157
4294967278,343
4294967279,459
4294967278,154
4294967278,342
132,7
4294967278,294
4294967294,387
4294967278,404
4294967294,986
4294967294,185
4294967279,426
4294967278,149
4294967279,149
4294967278,148
4294967278,146
132,6
132,5
132,4
132,3
132,2
132,1
4294967279,288
4294967279,260
4294967278,140
4294967278,364
4294967279,396
4294967278,138
4294967278,276
4294967279,137
4294967278,134
4294967278,133
4294967279,283
4294967278,272
4294967294,11
4294967279,274
4294967278,270
4294967278,269
4294967278,268
4294967278,335
4294967278,265
4294967278,280
4294967279,267
4294967294,1020
4294967294,1035
4294967278,264
4294967278,287
4294967279,266
4294967279,286
4294967278,263
4294967278,403
4294967279,392
4294967278,259
4294967279,262
129,5
4294967278,258
129,4
129,3
129,2
129,1
4294967279,275
4294967278,257
4294967279,457
4294967294,989
4294967278,402
4294967279,256
4294967279,450
4294967279,387
4294967279,471
4294967279,249
4294967279,247
4294967278,240
4294967294,476
4294967278,238
4294967294,8
4294967279,239
4294967294,50
4294967278,319
4294967278,234
4294967279,410
4294967279,0
4294967278,401
4294967279,231
4294967279,227
4294967278,222
4294967279,219
4294967294,393
4294967294,389
4294967294,120
4294967279,454
0,5
4294967294,413
4294967294,179
4294967294,425
4294967294,411
4294967294,981
4294967294,403
4294967294,420
4294967294,384
4294967294,464
4294967294,391
4294967294,468
4294967294,405
4294967294,402
4294967278,318
4294967278,385
123,6
4294967279,384
4294967278,400
4294967294,22
4294967279,204
4294967278,197
123,5
123,4
4294967278,198
123,3
123,2
123,1
4294967294,186
4294967294,1421
4294967294,975
4294967294,68
4294967294,2
4294967294,89
4294967294,170
4294967294,1
4294967294,5
4294967294,81
4294967278,362
4294967279,192
4294967294,6
4294967294,36
4294967294,39
4294967294,430
4294967294,1022
4294967294,419
4294967294,988
4294967294,28
4294967294,27
4294967294,91
4294967294,87
4294967294,84
4294967294,46
4294967294,0
4294967294,1422
4294967278,188
4294967279,186
4294967294,94
4294967294,96
4294967278,182
121,5
121,4
4294967278,183
121,3
121,2
121,1
4294967294,9
4294967279,184
0,7
4294967294,7
